(0,850)
(1,849)
(2,848)
(3,847)
(4,846)
(5,845)
(6,844)
(7,843)
(8,842)
(9,841)
(10,840)
(11,839)
(12,838)
(13,837)
(14,836)
(15,835)
(16,834)
(17,833)
(18,832)
(19,831)
(20,830)
(21,829)
(22,828)
(23,827)
(24,826)
(25,825)
(26,824)
(27,823)
(28,822)
(29,821)
(30,820)
(31,819)
(32,818)
(33,817)
(34,816)
(35,815)
(36,814)
(37,813)
(38,812)
(39,811)
(40,810)
(41,809)
(42,808)
(43,807)
(44,806)
(45,805)
(46,804)
(47,803)
(48,802)
(49,801)
(50,800)
(51,799)
(52,798)
(53,797)
(54,796)
(55,795)
(56,794)
(57,793)
(58,792)
(59,791)
(60,790)
(61,789)
(62,788)
(63,787)
(64,786)
(65,785)
(66,784)
(67,783)
(68,782)
(69,781)
(70,780)
(71,779)
(72,778)
(73,777)
(74,776)
(75,775)
(76,774)
(77,773)
(78,772)
(79,771)
(80,770)
(81,769)
(82,768)
(83,767)
(84,766)
(85,765)
(86,764)
(87,763)
(88,762)
(89,761)
(90,760)
(91,759)
(92,758)
(93,757)
(94,756)
(95,755)
(96,754)
(97,753)
(98,752)
(99,751)
(100,750)
(101,749)
(102,748)
(103,747)
(104,746)
(105,745)
(106,744)
(107,743)
(108,742)
(109,741)
(110,740)
(111,739)
(112,738)
(113,737)
(114,736)
(115,735)
(116,734)
(117,733)
(118,732)
(119,731)
(120,730)
(121,729)
(122,728)
(123,727)
(124,726)
(125,725)
(126,724)
(127,723)
(128,722)
(129,721)
(130,720)
(131,719)
(132,718)
(133,717)
(134,716)
(135,715)
(136,714)
(137,713)
(138,712)
(139,711)
(140,710)
(141,709)
(142,708)
(143,707)
(144,706)
(145,705)
(146,704)
(147,703)
(148,702)
(149,701)
(150,700)
(151,699)
(152,698)
(153,697)
(154,696)
(155,695)
(156,694)
(157,693)
(158,692)
(159,691)
(160,690)
(161,689)
(162,688)
(163,687)
(164,686)
(165,685)
(166,684)
(167,683)
(168,682)
(169,681)
(170,680)
(171,679)
(172,678)
(173,677)
(174,676)
(175,675)
(176,674)
(177,673)
(178,672)
(179,671)
(180,670)
(181,669)
(182,668)
(183,667)
(184,666)
(185,665)
(186,664)
(187,663)
(188,662)
(189,661)
(190,660)
(191,659)
(192,658)
(193,657)
(194,656)
(195,655)
(196,654)
(197,653)
(198,652)
(199,651)
(200,650)
(201,649)
(202,648)
(203,647)
(204,646)
(205,645)
(206,644)
(207,643)
(208,642)
(209,641)
(210,640)
(211,639)
(212,638)
(213,637)
(214,636)
(215,635)
(216,634)
(217,633)
(218,632)
(219,631)
(220,630)
(221,629)
(222,628)
(223,627)
(224,626)
(225,625)
(226,624)
(227,623)
(228,622)
(229,621)
(230,620)
(231,619)
(232,618)
(233,617)
(234,616)
(235,615)
(236,614)
(237,613)
(238,612)
(239,611)
(240,610)
(241,609)
(242,608)
(243,607)
(244,606)
(245,605)
(246,604)
(247,603)
(248,602)
(249,601)
(250,600)
(251,599)
(252,598)
(253,597)
(254,596)
(255,595)
(256,594)
(257,593)
(258,592)
(259,591)
(260,590)
(261,589)
(262,588)
(263,587)
(264,586)
(265,585)
(266,584)
(267,583)
(268,582)
(269,581)
(270,580)
(271,579)
(272,578)
(273,577)
(274,576)
(275,575)
(276,574)
(277,573)
(278,572)
(279,571)
(280,570)
(281,569)
(282,568)
(283,567)
(284,566)
(285,565)
(286,564)
(287,563)
(288,562)
(289,561)
(290,560)
(291,559)
(292,558)
(293,557)
(294,556)
(295,555)
(296,554)
(297,553)
(298,552)
(299,551)
(300,550)
(301,549)
(302,548)
(303,547)
(304,546)
(305,545)
(306,544)
(307,543)
(308,542)
(309,541)
(310,540)
(311,539)
(312,538)
(313,537)
(314,536)
(315,535)
(316,534)
(317,533)
(318,532)
(319,531)
(320,530)
(321,529)
(322,528)
(323,527)
(324,526)
(325,525)
(326,524)
(327,523)
(328,522)
(329,521)
(330,520)
(331,519)
(332,518)
(333,517)
(334,516)
(335,515)
(336,514)
(337,513)
(338,512)
(339,511)
(340,510)
(341,509)
(342,508)
(343,507)
(344,506)
(345,505)
(346,504)
(347,503)
(348,502)
(349,501)
(350,500)
(351,499)
(352,498)
(353,497)
(354,496)
(355,495)
(356,494)
(357,493)
(358,492)
(359,491)
(360,490)
(361,489)
(362,488)
(363,487)
(364,486)
(365,485)
(366,484)
(367,483)
(368,482)
(369,481)
(370,480)
(371,479)
(372,478)
(373,477)
(374,476)
(375,475)
(376,474)
(377,473)
(378,472)
(379,471)
(380,470)
(381,469)
(382,468)
(383,467)
(384,466)
(385,465)
(386,464)
(387,463)
(388,462)
(389,461)
(390,460)
(391,459)
(392,458)
(393,457)
(394,456)
(395,455)
(396,454)
(397,453)
(398,452)
(399,451)
(400,450)
(401,449)
(402,448)
(403,447)
(404,446)
(405,445)
(406,444)
(407,443)
(408,442)
(409,441)
(410,440)
(411,439)
(412,438)
(413,437)
(414,436)
(415,435)
(416,434)
(417,433)
(418,432)
(419,431)
(420,430)
(421,429)
(422,428)
(423,427)
(424,426)
(425,425)
(426,424)
(427,423)
(428,422)
(429,421)
(430,420)
(431,419)
(432,418)
(433,417)
(434,416)
(435,415)
(436,414)
(437,413)
(438,412)
(439,411)
(440,410)
(441,409)
(442,408)
(443,407)
(444,406)
(445,405)
(446,404)
(447,403)
(448,402)
(449,401)
(450,400)
(451,399)
(452,398)
(453,397)
(454,396)
(455,395)
(456,394)
(457,393)
(458,392)
(459,391)
(460,390)
(461,389)
(462,388)
(463,387)
(464,386)
(465,385)
(466,384)
(467,383)
(468,382)
(469,381)
(470,380)
(471,379)
(472,378)
(473,377)
(474,376)
(475,375)
(476,374)
(477,373)
(478,372)
(479,371)
(480,370)
(481,369)
(482,368)
(483,367)
(484,366)
(485,365)
(486,364)
(487,363)
(488,362)
(489,361)
(490,360)
(491,359)
(492,358)
(493,357)
(494,356)
(495,355)
(496,354)
(497,353)
(498,352)
(499,351)
(500,350)
(501,349)
(502,348)
(503,347)
(504,346)
(505,345)
(506,344)
(507,343)
(508,342)
(509,341)
(510,340)
(511,339)
(512,338)
(513,337)
(514,336)
(515,335)
(516,334)
(517,333)
(518,332)
(519,331)
(520,330)
(521,329)
(522,328)
(523,327)
(524,326)
(525,325)
(526,324)
(527,323)
(528,322)
(529,321)
(530,320)
(531,319)
(532,318)
(533,317)
(534,316)
(535,315)
(536,314)
(537,313)
(538,312)
(539,311)
(540,310)
(541,309)
(542,308)
(543,307)
(544,306)
(545,305)
(546,304)
(547,303)
(548,302)
(549,301)
(550,300)
(551,299)
(552,298)
(553,297)
(554,296)
(555,295)
(556,294)
(557,293)
(558,292)
(559,291)
(560,290)
(561,289)
(562,288)
(563,287)
(564,286)
(565,285)
(566,284)
(567,283)
(568,282)
(569,281)
(570,280)
(571,279)
(572,278)
(573,277)
(574,276)
(575,275)
(576,274)
(577,273)
(578,272)
(579,271)
(580,270)
(581,269)
(582,268)
(583,267)
(584,266)
(585,265)
(586,264)
(587,263)
(588,262)
(589,261)
(590,260)
(591,259)
(592,258)
(593,257)
(594,256)
(595,255)
(596,254)
(597,253)
(598,252)
(599,251)
(600,250)
(601,249)
(602,248)
(603,247)
(604,246)
(605,245)
(606,244)
(607,243)
(608,242)
(609,241)
(610,240)
(611,239)
(612,238)
(613,237)
(614,236)
(615,235)
(616,234)
(617,233)
(618,232)
(619,231)
(620,230)
(621,229)
(622,228)
(623,227)
(624,226)
(625,225)
(626,224)
(627,223)
(628,222)
(629,221)
(630,220)
(631,219)
(632,218)
(633,217)
(634,216)
(635,215)
(636,214)
(637,213)
(638,212)
(639,211)
(640,210)
(641,209)
(642,208)
(643,207)
(644,206)
(645,205)
(646,204)
(647,203)
(648,202)
(649,201)
(650,200)
(651,199)
(652,198)
(653,197)
(654,196)
(655,195)
(656,194)
(657,193)
(658,192)
(659,191)
(660,190)
(661,189)
(662,188)
(663,187)
(664,186)
(665,185)
(666,184)
(667,183)
(668,182)
(669,181)
(670,180)
(671,179)
(672,178)
(673,177)
(674,176)
(675,175)
(676,174)
(677,173)
(678,172)
(679,171)
(680,170)
(681,169)
(682,168)
(683,167)
(684,166)
(685,165)
(686,164)
(687,163)
(688,162)
(689,161)
(690,160)
(691,159)
(692,158)
(693,157)
(694,156)
(695,155)
(696,154)
(697,153)
(698,152)
(699,151)
(700,150)
(701,149)
(702,148)
(703,147)
(704,146)
(705,145)
(706,144)
(707,143)
(708,142)
(709,141)
(710,140)
(711,139)
(712,138)
(713,137)
(714,136)
(715,135)
(716,134)
(717,133)
(718,132)
(719,131)
(720,130)
(721,129)
(722,128)
(723,127)
(724,126)
(725,125)
(726,124)
(727,123)
(728,122)
(729,121)
(730,120)
(731,119)
(732,118)
(733,117)
(734,116)
(735,115)
(736,114)
(737,113)
(738,112)
(739,111)
(740,110)
(741,109)
(742,108)
(743,107)
(744,106)
(745,105)
(746,104)
(747,103)
(748,102)
(749,101)
(750,100)
(751,99)
(752,98)
(753,97)
(754,96)
(755,95)
(756,94)
(757,93)
(758,92)
(759,91)
(760,90)
(761,89)
(762,88)
(763,87)
(764,86)
(765,85)
(766,84)
(767,83)
(768,82)
(769,81)
(770,80)
(771,79)
(772,78)
(773,77)
(774,76)
(775,75)
(776,74)
(777,73)
(778,72)
(779,71)
(780,70)
(781,69)
(782,68)
(783,67)
(784,66)
(785,65)
(786,64)
(787,63)
(788,62)
(789,61)
(790,60)
(791,59)
(792,58)
(793,57)
(794,56)
(795,55)
(796,54)
(797,53)
(798,52)
(799,51)
(800,50)
(801,49)
(802,48)
(803,47)
(804,46)
(805,45)
(806,44)
(807,43)
(808,42)
(809,41)
(810,40)
(811,39)
(812,38)
(813,37)
(814,36)
(815,35)
(816,34)
(817,33)
(818,32)
(819,31)
(820,30)
(821,29)
(822,28)
(823,27)
(824,26)
(825,25)
(826,24)
(827,23)
(828,22)
(829,21)
(830,20)
(831,19)
(832,18)
(833,17)
(834,16)
(835,15)
(836,14)
(837,13)
(838,12)
(839,11)
(840,10)
(841,9)
(842,8)
(843,7)
(844,6)
(845,5)
(846,4)
(847,3)
(848,2)
(849,1)
(850,0)
180625
