(0,370)
(1,369)
(2,368)
(3,367)
(4,366)
(5,365)
(6,364)
(7,363)
(8,362)
(9,361)
(10,360)
(11,359)
(12,358)
(13,357)
(14,356)
(15,355)
(16,354)
(17,353)
(18,352)
(19,351)
(20,350)
(21,349)
(22,348)
(23,347)
(24,346)
(25,345)
(26,344)
(27,343)
(28,342)
(29,341)
(30,340)
(31,339)
(32,338)
(33,337)
(34,336)
(35,335)
(36,334)
(37,333)
(38,332)
(39,331)
(40,330)
(41,329)
(42,328)
(43,327)
(44,326)
(45,325)
(46,324)
(47,323)
(48,322)
(49,321)
(50,320)
(51,319)
(52,318)
(53,317)
(54,316)
(55,315)
(56,314)
(57,313)
(58,312)
(59,311)
(60,310)
(61,309)
(62,308)
(63,307)
(64,306)
(65,305)
(66,304)
(67,303)
(68,302)
(69,301)
(70,300)
(71,299)
(72,298)
(73,297)
(74,296)
(75,295)
(76,294)
(77,293)
(78,292)
(79,291)
(80,290)
(81,289)
(82,288)
(83,287)
(84,286)
(85,285)
(86,284)
(87,283)
(88,282)
(89,281)
(90,280)
(91,279)
(92,278)
(93,277)
(94,276)
(95,275)
(96,274)
(97,273)
(98,272)
(99,271)
(100,270)
(101,269)
(102,268)
(103,267)
(104,266)
(105,265)
(106,264)
(107,263)
(108,262)
(109,261)
(110,260)
(111,259)
(112,258)
(113,257)
(114,256)
(115,255)
(116,254)
(117,253)
(118,252)
(119,251)
(120,250)
(121,249)
(122,248)
(123,247)
(124,246)
(125,245)
(126,244)
(127,243)
(128,242)
(129,241)
(130,240)
(131,239)
(132,238)
(133,237)
(134,236)
(135,235)
(136,234)
(137,233)
(138,232)
(139,231)
(140,230)
(141,229)
(142,228)
(143,227)
(144,226)
(145,225)
(146,224)
(147,223)
(148,222)
(149,221)
(150,220)
(151,219)
(152,218)
(153,217)
(154,216)
(155,215)
(156,214)
(157,213)
(158,212)
(159,211)
(160,210)
(161,209)
(162,208)
(163,207)
(164,206)
(165,205)
(166,204)
(167,203)
(168,202)
(169,201)
(170,200)
(171,199)
(172,198)
(173,197)
(174,196)
(175,195)
(176,194)
(177,193)
(178,192)
(179,191)
(180,190)
(181,189)
(182,188)
(183,187)
(184,186)
(185,185)
(186,184)
(187,183)
(188,182)
(189,181)
(190,180)
(191,179)
(192,178)
(193,177)
(194,176)
(195,175)
(196,174)
(197,173)
(198,172)
(199,171)
(200,170)
(201,169)
(202,168)
(203,167)
(204,166)
(205,165)
(206,164)
(207,163)
(208,162)
(209,161)
(210,160)
(211,159)
(212,158)
(213,157)
(214,156)
(215,155)
(216,154)
(217,153)
(218,152)
(219,151)
(220,150)
(221,149)
(222,148)
(223,147)
(224,146)
(225,145)
(226,144)
(227,143)
(228,142)
(229,141)
(230,140)
(231,139)
(232,138)
(233,137)
(234,136)
(235,135)
(236,134)
(237,133)
(238,132)
(239,131)
(240,130)
(241,129)
(242,128)
(243,127)
(244,126)
(245,125)
(246,124)
(247,123)
(248,122)
(249,121)
(250,120)
(251,119)
(252,118)
(253,117)
(254,116)
(255,115)
(256,114)
(257,113)
(258,112)
(259,111)
(260,110)
(261,109)
(262,108)
(263,107)
(264,106)
(265,105)
(266,104)
(267,103)
(268,102)
(269,101)
(270,100)
(271,99)
(272,98)
(273,97)
(274,96)
(275,95)
(276,94)
(277,93)
(278,92)
(279,91)
(280,90)
(281,89)
(282,88)
(283,87)
(284,86)
(285,85)
(286,84)
(287,83)
(288,82)
(289,81)
(290,80)
(291,79)
(292,78)
(293,77)
(294,76)
(295,75)
(296,74)
(297,73)
(298,72)
(299,71)
(300,70)
(301,69)
(302,68)
(303,67)
(304,66)
(305,65)
(306,64)
(307,63)
(308,62)
(309,61)
(310,60)
(311,59)
(312,58)
(313,57)
(314,56)
(315,55)
(316,54)
(317,53)
(318,52)
(319,51)
(320,50)
(321,49)
(322,48)
(323,47)
(324,46)
(325,45)
(326,44)
(327,43)
(328,42)
(329,41)
(330,40)
(331,39)
(332,38)
(333,37)
(334,36)
(335,35)
(336,34)
(337,33)
(338,32)
(339,31)
(340,30)
(341,29)
(342,28)
(343,27)
(344,26)
(345,25)
(346,24)
(347,23)
(348,22)
(349,21)
(350,20)
(351,19)
(352,18)
(353,17)
(354,16)
(355,15)
(356,14)
(357,13)
(358,12)
(359,11)
(360,10)
(361,9)
(362,8)
(363,7)
(364,6)
(365,5)
(366,4)
(367,3)
(368,2)
(369,1)
(370,0)
34225
