60209
59538
165704
68537
623089
-1
32802
2819
367544
588742
14094
57886
88630
95008
32265
9187
32407
266190
3115
55430
204249
6113
41461
21546
108870
1627
22062
2058
40610
67499
18723
209783
27838
2058
-1
27838
393077
174861
12766
5459
501891
396101
328415
1737
16126
12824
91910
200284
268744
2125
262345
29035
488901
11534
225766
121576
24708
65464
19308
66214
6324
84605
518480
150217
203096
20527
2058
26555
153478
48602
25963
425427
6492
34481
2707
18674
27133
23325
2058
315570
416242
102953
19437
10263
2707
1629
627759
122293
2707
3115
286507
94366
41011
7759
36502
43664
615976
2058
10924
82371
48108
115678
202549
2125
20131
39769
367779
1629
18924
-1
24708
65568
31691
103493
486261
112514
615448
48767
217298
432799
9007
18461
2941
18437
57256
6599
36835
75721
393077
22593
505948
240132
153462
1179
164625
30998
132942
1629
12172
64954
59743
4691
21246
20347
252640
449
30856
22124
43220
18617
312635
482579
19969
2816
617713
140680
26248
3503
72443
79769
21976
2707
65517
12168
13674
14909
58107
20347
52876
6599
47455
546518
58448
1291
129
215728
15738
197718
252583
92557
14736
29663
404781
505
55899
385129
21546
29122
243200
154521
25069
279917
420270
240132
421202
127004
6633
75404
41674
91778
41731
189090
18461
428208
80566
187648
198121
222690
55368
56346
33833
449
233615
331360
48181
55022
281771
41649
10924
219037
112557
7759
18384
105608
20535
202441
94366
95106
12168
20604
60304
2707
191155
4691
9593
385939
43220
12155
220208
11970
3503
18461
86653
108127
9593
25963
373703
76747
28464
554703
150217
561460
168937
6413
31606
52274
20527
560119
148654
191222
295341
334397
329201
40735
196792
626975
102683
167014
31300
67206
349057
4273
1627
52876
567199
24922
40224
12489
1737
41388
96662
48357
258184
4150
148398
75051
487052
221373
10261
537091
20009
37133
625266
136087
207984
22593
8903
159031
115264
198043
2707
1179
155575
1629
2740
276994
50609
620201
13548
439775
3503
48108
206738
3503
18461
3628
307160
25050
25069
118635
144374
521320
22062
10773
1629
143286
4320
137579
69492
176119
270497
64232
69794
304003
5949
256102
59699
6413
19437
288474
298244
165794
-1
418533
145494
118817
252067
72443
21304
20347
1629
603169
1205
10705
17769
2058
8540
24183
428775
165635
3503
57800
14841
22062
18934
41388
2058
613208
15006
55217
12489
4416
444373
85642
114342
92220
36502
122502
29035
8788
420270
39335
20131
4691
10666
22124
449
38816
626145
64954
43774
129191
103493
13057
35773
241270
127265
503541
203931
5662
75370
72442
73137
96503
20535
300867
203337
25050
320519
1737
434926
192938
29475
78212
52472
29270
53903
603040
13449
64561
6086
40535
7478
964
2697
9186
224027
132692
180772
31208
4691
15738
15738
28911
7478
70031
581745
154405
95259
23687
15006
160495
200503
168762
233682
43774
10075
14841
282839
129512
12654
55921
18875
558504
80344
1737
86918
215829
2740
230639
6599
36899
24922
55239
238735
420587
1627
2058
17570
17053
449
1627
95275
103894
429761
1629
-1
245096
24708
100408
401205
59538
16177
211220
103493
15738
53903
311661
25574
12472
103706
57800
5235
5662
206374
2816
9593
59645
258184
17769
92220
64802
24219
1629
564750
12168
185902
92929
41461
102508
32863
13236
217578
69994
10924
37114
37133
303717
5739
27838
190790
449
19635
12851
1629
5257
10028
95808
629542
143717
95285
307043
60209
390421
481553
4273
9186
18924
580590
496569
1629
81788
69492
20604
48602
5739
41637
277287
-1
133993
30856
36899
82040
6324
200934
228298
2707
114205
33833
4273
15950
2740
26555
51332
64033
10263
7759
34597
91570
205195
15738
2058
99051
105044
40375
84605
176202
215829
455143
62538
69071
9805
141507
15565
16177
179978
2707
1629
562427
19635
75261
181597
344098
268301
205874
246122
407339
459751
1629
16177
21902
165708
27133
3823
367709
28084
20131
108887
497854
535280
53903
64864
203337
342574
958
123744
27838
112514
15565
15746
43220
87210
2816
17570
52274
31606
194030
5949
127188
132489
415296
10773
75492
33834
152231
131153
68598
9007
41674
55621
100130
170396
19308
108887
430233
2058
207504
198249
23325
17116
27033
109168
165794
112875
11504
137921
147058
90307
235138
365594
300867
621308
75404
122825
136133
77593
449
59538
32265
399203
98708
213291
353201
6599
131632
190
103493
26248
28464
15738
48767
55368
10773
14094
190710
4273
268413
204494
134197
102511
9187
1627
5662
68028
237128
23687
1627
1629
305615
285737
449
2816
122878
23687
13674
21246
36409
129
36409
111355
1629
1629
21546
21550
191540
22124
28951
295275
142296
508568
323698
5739
1179
151076
265076
17570
5257
108864
105633
416061
7478
41461
449
54971
9187
594252
182557
503734
280433
19437
607
18934
47455
31099
13548
581745
160495
59355
29187
31208
122295
100122
48357
1291
22469
36302
112734
480784
2819
179931
67015
120294
15738
52353
206738
286979
170396
2700
238888
142296
185540
170801
-1
8799
505
15738
130876
22469
33834
353616
76943
141250
90063
958
405644
9187
52353
27838
449
19437
327345
32265
64182
354396
2058
97695
194813
540745
2700
153
63737
2740
75051
47619
4669
18875
19548
65297
97695
95808
512686
196304
413510
63661
261010
7020
78070
206454
48304
104481
343082
139763
5662
146268
12824
239540
29126
2733
65568
105358
12751
23798
14218
578691
1627
15565
32025
97695
19308
136133
72128
253239
78212
18875
3823
95678
2058
16177
12654
449
2941
3823
106936
23798
29475
23798
29361
239540
577311
10773
168595
104481
144374
199555
33834
24922
4691
62538
18617
5419
205195
28464
317958
17116
15738
15765
276256
176411
16177
202549
76988
9187
-1
1291
185438
110287
10263
24183
14094
24708
325965
77351
9186
301017
95808
48181
29122
304772
10773
22941
542883
24448
125462
59081
13236
34481
125622
434134
342307
91910
49799
495940
184673
64182
263695
123025
619487
13674
68503
238802
353670
6413
41637
105191
36899
207528
436190
148805
20535
12420
70031
10924
190
12824
5235
5459
13635
219000
133993
51847
10705
286198
37114
55576
48106
40538
408586
2707
455259
12155
36899
21546
2058
4273
28464
36899
103283
2941
537202
251920
13236
28842
34230
2707
55022
64802
2740
137579
41388
314965
83561
24708
423350
18934
60209
35250
32265
433350
187410
9805
29122
15738
30903
198024
33877
22469
206374
371285
384397
25050
48304
561460
27558
249887
5235
-1
76943
13965
9593
