521 3717 6564
132181 156224 450618
432 1807 3002
21350 113616 152023
22152 36252 62749
351 398 604
84671 269084 63657
34579 37154 54437
1304 6482 6751
108456 473020 1231
19579 37572 51277
458049 312 3233
275522 104841 23873
14640 21189 38855
9480 18576 22733
356791 51514 123021
89201 18028 27342
12643 12958 15692
5544 26029 87866
14324 16878 21776
88712 175920 350399
98808 31753 40208
8485 122381 174124
18072 213238 229123
560680 71 744
19001 -1 -1
41300 124702 143682
3866 36418 110170
386196 288 8149
54328 72036 85284
229 82443 92310
321 31287 42476
31930 12964 561001
3717 50455 74034
20841 483516 45402
593208 926 5786
174363 585655 18437
10114 20897 21422
5098 252990 613521
6556 318354 624977
55 2526 17243
212 1602 1711
348284 526324 533266
545499 548594 7404
13552 18225 32595
43608 129710 136648
1952 1961 2145
4220 6079 10260
28589 69769 79814
565 699 5314
119028 596236 -1
14045 19395 19886
351 398 604
12097 159768 237579
27523 82241 93992
111977 59079 66977
43726 74885 168432
1200 4424 16291
168075 175737 234311
49517 64147 95183
50021 50072 54805
9829 13766 18783
62406 125738 127113
18933 31294 131208
18075 19054 20967
610544 206 4451
229 1926 3052
26766 28328 42519
2358 99148 140441
110073 113247 371981
282300 24744 54791
96428 142483 295335
109365 116429 1074
141 1169 2134
361319 61543 268388
348622 1764 9014
3139 3791 6314
124626 409837 258972
5 106 141
5786 14055 18269
40201 42477 48689
231705 285119 242931
3289 214217 249737
27479 61114 74681
3013 6443 13667
8285 11833 26081
10769 11830 19005
141 1169 2134
128 3629 3904
78648 83030 84190
246420 418180 610439
28751 53420 132082
29628 45054 64916
121063 141628 199643
96863 150429 237838
18044 26509 30877
87396 427971 511075
206 229 351
33321 81942 85284
483240 2603 3974
456006 506857 3556
601805 -1 -1
11770 19312 24664
21024 21496 23141
156887 435413 441033
19474 21200 27065
135491 102 1231
258681 26269 135060
565110 67503 249845
3013 6443 13667
2134 30609 32270
120123 496219 26375
38638 45173 140722
882 1780 4676
152186 25227 32347
15557 106304 268076
7846 15307 18646
51060 140729 176679
71773 84185 200737
23762 41566 301161
34870 42686 68305
22787 28073 33474
32708 68795 111059
20457 31569 126692
123080 280705 578136
351 517 932
55899 82831 98835
6540 15315 16499
382717 1952 1961
8812 17196 18754
10186 27847 28186
604 1311 3163
54437 150799 162719
87522 104509 141921
104080 154050 329095
12760 18181 21663
364148 374975 560680
23355 23477 28331
24721 26600 193159
124 1380 3894
1057 49019 229
995 17095 217679
298509 308104 172186
6556 7626 11385
32652 45453 96167
157607 41886 142588
206231 219475 337443
18311 29243 70798
15646 18796 19886
196857 223230 2756
21468 28699 43265
19886 31669 35862
38170 66996 70821
88 102 269
291607 116046 198730
99149 106841 183627
5932 9351 15137
2551 213396 213708
414976 3943 7152
87522 104509 141921
54992 117982 121531
58878 71388 72786
335363 20112 22372
26766 28328 42519
496878 46863 173504
1301 5641 17988
7600 36210 43416
134465 224232 448168
7437 9736 16096
22300 35997 73360
192648 493336 1383
613814 727 5008
439210 588264 7846
36938 37682 125780
11135 17641 20163
46238 101799 103751
37963 48548 57933
30223 35717 35952
10733 11680 13192
1710 7685 9453
19351 27663 41253
859 1252 1438
579156 6660 17123
154405 202906 242616
132631 269241 291433
592532 4206 4666
5398 6361 12302
18663 20024 21117
105907 107101 136367
26051 164696 561584
73360 175538 393153
75829 588389 168370
526389 542932 559459
31390 229988 360070
351058 353045 9880
398715 405884 107605
39384 71850 126411
23299 154195 245554
229 594 1304
6559 28289 68360
71411 244804 248561
13355 20670 21676
5 14306 30523
9421 160548 356949
84575 126912 271972
20029 30541 84749
867 3052 5729
99761 437795 623818
2024 16265 18073
662 1031 7275
14961 22238 30976
9985 45453 62623
33433 44254 67625
595639 601533 351
4346 14327 15553
85095 111290 114237
263817 454082 3353
51280 59999 71373
12715 36191 56257
65219 74326 146141
124 1242 1318
32652 45453 96167
351882 470556 21024
62698 62839 62963
423886 199349 279839
1304 6482 6751
62130 90742 484626
38759 89683 217518
265042 185434 12224
18543 19030 20619
24015 80500 93584
50370 148193 175625
10811 13675 23873
7032 10094 13298
10186 63370 81398
42161 200451 369321
3052 4424 5708
16552 19395 22388
188479 259394 46362
1961 2588 2603
10110 19969 25245
199346 202040 382281
151 297 895
86 31316 35231
15419 23892 27018
6179 45207 150456
710 24488 29994
270882 273988 367221
156394 195916 217933
212828 1849 2283
36155 38638 45173
13192 25878 42530
32659 154111 217801
225083 456594 487018
57 2189 6847
22226 35469 107556
594 744 867
128 469 1304
212694 228922 296883
11207 11833 18419
359673 -1 -1
1811 10282 21866
104985 21676 32973
242 14372 20112
121473 174525 375035
234765 244586 52784
3147 3163 17252
18249 19062 23997
7860 319526 18769
22870 46586 81949
7600 36210 43416
10293 57 212
123 604 2469
2567 2849 7118
5 106 141
18825 462286 612443
167508 309020 523693
332594 7600 36210
6235 28682 300834
1011 15716 16499
21297 503576 343518
16128 19354 23145
18298 27194 39097
591103 56539 194251
96340 36062 139420
7362 8868 10068
425698 540052 625218
505999 19563 25245
73601 358364 382906
7237 9490 37516
45724 46380 60809
22512 73079 103998
98768 102649 398043
50802 68312 120027
106 819 9345
18189 77243 95728
619788 -1 -1
27087 33965 53535
98021 37781 47638
7543 9695 21716
283047 312315 454040
16552 31745 36907
600410 15829 24168
10725 430656 -1
132998 138084 339383
89314 253155 287595
59 128 206
575209 126812 146939
796 814 2348
9800 18269 18644
118508 157533 162580
367361 504295 13359
11452 59649 79287
141 399 4547
24309 31095 75932
1163 2063 16096
21165 497323 505883
8051 18408 95333
814 3974 11833
426 5954 7846
123 141 727
3153 31699 36301
14547 20996 21777
27077 32685 146157
281811 22253 34043
33500 164256 173089
31548 48120 60545
20766 21652 26733
3710 5901 6226
6046 8297 8426
45886 46988 89683
72374 161944 7287
196602 358522 364184
28267 11420 11439
2134 4225 6443
126443 165999 270690
139870 302018 4148
3189 4785 9927
3139 3791 4206
53486 84991 88199
692 14672 16313
46588 124344 209830
399 2588 5219
196 4352 10457
22441 52585 105410
399 12716 17201
25804 45250 59999
670 1849 1864
453504 74590 87977
422207 20665 92037
442768 240059 241489
283898 291802 1952
595005 5930 37465
5510 25470 27278
126754 263285 264587
14935 18646 21436
36716 51137 302727
75932 85236 166444
596855 -1 -1
1312 2514 5930
171 432 1239
229 594 1304
139942 411522 12224
437708 -1 -1
273657 278911 37783
45438 80129 106224
229788 3147 7683
95408 105645 219651
144714 280469 472162
32767 49400 66215
41393 222436 543087
15541 22238 36665
179624 202268 268838
469210 541988 -1
54315 55078 70609
1952 1961 2145
492591 628565 69347
71883 202602 272969
229803 496715 506172
213775 32659 54967
27308 40457 134291
69416 92292 110960
867 3052 5729
4782 5950 6476
1371 13571 14328
560044 13011 61114
337345 2275 4211
301156 315941 322964
124 178 2024
418099 423372 2725
1331 9351 11456
252715 306413 318694
415 994 1196
401271 53607 89108
66663 3519 20619
33528 60210 86771
472280 586752 595314
109734 151877 227298
15716 44151 45483
13144 18757 21103
48548 82415 135610
206 4276 5703
171 22936 35226
251 877 1772
472679 23449 26082
882 59120 107915
249926 312555 444142
463926 483975 538410
9084 157438 545636
373870 251751 433360
42616 102707 140092
135173 268472 325066
69250 165806 185887
2467 3163 4148
513115 -1 -1
61859 302178 577893
26280 28246 29671
128 3629 3904
276686 555999 -1
877 1991 2828
13128 16215 33807
239344 598725 1429
308245 330543 72277
6556 13829 66621
3147 3163 17252
12097 159768 237579
184390 185171 247967
427094 59338 102053
6973 19312 26407
1936 2141 11230
814 16552 18298
6524 49702 251937
24096 64532 105759
346036 494240 20456
14734 16313 27194
93968 94286 199719
2467 3866 4206
71 1123 1429
583655 16424 23460
2725 4782 5708
2563 154797 396634
168769 16552 31745
225994 8115 40273
78081 303367 582587
471289 351264 444501
15695 324316 1147
483827 61317 107802
12185 14389 14721
39135 51455 70720
1331 9351 11456
67358 29697 85100
5274 5716 5949
268399 141797 425040
15715 19749 22212
534771 -1 -1
226509 628916 1011
4290 4694 18453
62434 71456 106129
4126 18609 23102
4108 11631 21128
160427 256314 427878
56558 356088 472818
41573 71230 72212
1026 3250 7437
39693 89872 173111
28135 43100 56144
4408 15301 32660
404141 19569 428190
216606 21271 27025
3063 19405 98580
14935 373938 472153
90981 158284 159347
6239 9234 22803
196893 35600 64147
82269 22253 27525
4053 6370 18195
507 1383 1592
859 1252 1438
6314 22190 22404
369898 127819 306610
106 2522 6514
132123 213923 238035
44775 61516 70613
148796 162938 172037
317986 23123 49956
382357 165346 18181
28812 33382 98597
18371 20138 25966
385772 474454 513908
819 19655 20461
33543 343313 4786
28503 158147 158872
225555 321710 345301
14432 235323 239074
145384 274802 379803
15715 19749 22212
264797 332725 3894
7201 18204 22598
16552 31745 36907
