5459 137845 175395
59538 192386 280752
165704 48181 156945
68537 171408 218848
623089 94745 170559
-1 -1 -1
381485 467410 531462
78303 110287 279917
367544 66123 123393
588742 112514 122348
330403 411864 14094
57886 305213 401375
88630 -1 -1
95008 131085 214742
32265 39924 58973
9007 98979 141374
32407 48108 53678
266190 558256 -1
3115 9647 23588
55430 139284 506873
204249 1627 19969
6113 28197 46418
41461 248502 297721
21546 28084 77095
108870 141569 154405
83958 180436 189969
36899 72345 73324
2058 25494 40735
40610 226036 443507
67499 42630 135662
26555 39533 62993
209783 237779 240970
27838 29208 84241
3628 17583 2058
-1 -1 -1
18924 29412 45799
393077 10028 94614
174861 306697 321489
12766 50694 75766
5459 16177 21246
501891 4273 17407
396101 51847 376842
328415 498075 7020
65464 65560 73137
23588 568675 16126
12824 22245 29187
91910 108870 111629
200284 584529 -1
32265 268744 -1
412482 309744 414338
262345 368284 -1
342307 29035 56858
488901 41731 201139
11534 52013 10102
225766 52274 54023
121576 143717 170932
24708 299700 28951
65464 75261 85555
19548 204560 273950
272581 66214 151139
2505 115445 513730
84605 95106 115264
518480 15746 21546
150217 311641 387279
203096 320382 -1
8903 20527 25050
35071 78734 110148
26555 41388 127972
153478 164790 168731
136133 210032 454621
337288 368042 584221
425427 552614 426690
37607 258184 260305
34481 38902 64033
2707 2941 69071
18674 287089 332804
27133 31811 98962
23325 321551 48304
2058 5949 8799
315570 103493 162425
416242 70414 182058
102953 9186 10924
19437 22469 25031
107219 167185 210752
2707 4669 6492
1629 34230 39345
627759 -1 -1
122293 189210 191785
2707 18747 86586
60304 127188 283248
286507 20604 23875
25574 246202 368284
41011 91910 100649
15738 19437 34055
36502 51102 338177
43664 59538 277686
615976 63737 10705
48304 55239 407339
68028 257878 258806
82371 208837 502897
39533 406465 44735
115678 -1 -1
202549 26302 121672
118817 141914 180264
20131 21246 28951
573022 10263 15746
367779 467556 467936
1629 12155 12489
18924 29412 45799
-1 -1 -1
118239 132863 138540
218068 575405 65568
31691 49799 64232
103493 162425 -1
486261 25639 57000
204494 75370 125643
615448 -1 -1
48767 167743 191942
620156 286507 217298
432799 69994 400525
9007 27558 55022
18461 99643 271681
2941 15164 104218
18437 228185 305928
57256 276256 388111
6599 7851 12685
36835 95517 98704
75721 559860 -1
393077 31691 49799
22593 41697 96985
505948 116393 318779
240132 453757 466289
153462 187410 214238
1179 38816 51842
164625 134523 505
30998 34399 69206
132942 44735 84422
1629 12155 12489
12172 12654 43705
64954 117550 174677
59743 255564 311040
4691 5739 10705
21246 24708 28410
18674 427496 20347
252640 104218 396809
449 10705 11970
234205 69163 90951
22124 36636 255680
43220 1737 8903
18617 54971 122878
312635 499300 550835
482579 193901 257041
58196 82093 95259
2816 14736 14909
617713 -1 -1
29270 140680 182767
371502 601679 26248
3503 4691 5739
607702 15746 104492
79769 57314 72376
21976 108887 174861
12824 39766 127352
65517 20604 23875
12168 68537 75721
13674 17769 77885
14909 -1 -1
58107 125682 161755
46037 66214 302126
199069 270583 360582
31811 242210 321551
47455 140721 211220
546518 60209 83575
58448 427892 495415
1291 14909 19635
122348 588389 129
39769 215728 251920
71811 122865 265782
197718 -1 -1
252583 16177 36899
92557 165870 176411
62538 180436 572551
29663 57068 72379
404781 627759 44885
505 9007 28911
55899 141914 361349
385129 3628 30998
273140 315744 518480
84113 29122 30888
243200 319320 362517
154521 36409 59290
25069 64976 194378
279917 602177 15006
320683 420270 501134
240132 63737 144559
421202 477078 582722
127004 301338 332650
6633 28951 143294
29361 94463 127359
148805 532921 13674
70401 243941 91778
273052 434134 580846
189090 -1 -1
18461 30935 34597
428208 3503 5739
599125 80566 125421
187648 284503 327481
198121 36888 39769
222690 7951 162145
55368 61906 209869
566240 56346 578190
33833 49763 61827
449 13249 123393
233615 469574 609712
331360 10773 12851
48181 156945 165704
55022 64795 163341
281771 -1 -1
41649 346274 7478
10924 36661 48106
219037 519604 152784
112557 183965 186646
278594 7759 8788
264837 18384 57886
105608 127906 166039
183965 20535 64232
202441 291347 453513
94366 112501 147308
95106 457079 -1
12168 68537 75721
20604 29126 34230
180772 314411 441351
19171 37133 90307
191155 380622 460494
4691 10705 50800
1291 14909 19635
385939 546242 581745
43220 52876 84152
155762 158202 198024
220208 271533 422631
11970 49799 76007
163659 186437 459960
18461 165794 202631
86653 87120 152916
108127 115844 185540
207984 306697 473523
25963 -1 -1
373703 115177 263452
236429 427716 498804
28464 41461 75492
554703 230763 234699
150217 311641 387279
561460 590367 29412
168937 -1 -1
89144 141263 189413
31606 54375 94994
52274 64756 72378
20527 35323 163786
560119 8799 14413
48767 51102 306697
151139 191222 452693
43774 134456 295341
64976 202631 334397
412185 467936 329201
56328 115445 408721
196792 227265 431055
626975 958 1629
102683 111629 344981
167014 254795 530771
430233 31300 48431
490458 585632 67206
349057 467556 537881
4273 17407 248855
92690 342552 1627
52876 56325 154405
567199 312445 401644
24922 76524 113915
40224 110220 291347
12489 36635 38063
41461 248502 297721
41388 127972 157012
5708 26453 27838
453757 556246 48357
25574 92038 162574
114550 254398 255455
148398 -1 -1
505 75051 -1
487052 242818 448459
221373 411848 -1
10261 86010 143294
537091 20131 80599
20009 20131 36502
37133 361656 612178
625266 405701 428775
22975 136087 23687
207984 454714 144374
22593 61031 64754
8903 -1 -1
159031 161421 180312
115264 14841 31300
198043 151076 24708
600922 2707 4669
1179 38816 51842
155575 194647 553094
1629 12155 12489
91910 228191 263739
276994 345698 447666
50609 187659 415500
456653 620201 29412
2505 21902 56328
439775 36302 77351
3503 34399 35470
48108 64754 65297
206738 2816 14736
3503 34399 35470
38907 55067 100029
3628 448162 78136
307160 449 958
361856 494957 25050
21304 157295 288474
118635 30998 140315
144374 318886 327938
521320 78070 185438
70414 166100 357662
95524 10773 29126
1629 9593 17116
368249 143286 434134
395196 4320 506773
137579 229744 330791
69492 249887 251956
176119 440199 26565
22245 270497 1627
64232 486779 130731
308272 340414 362046
304003 320642 6324
5949 21889 24432
256102 -1 -1
59699 140942 146806
6413 9007 11096
145494 263739 288454
288474 397929 418785
298244 47619 200934
165794 264657 408875
-1 -1 -1
418533 36899 233037
95275 145494 186589
118817 -1 -1
118635 252067 1629
72443 105633 117227
68763 155575 334632
447849 20347 126881
22941 40735 129071
603169 12168 30856
1205 20967 75221
36409 59290 287442
407339 502061 17769
2058 24432 24524
8540 590762 610246
24183 64033 69788
428775 469518 568629
165635 298244 369637
3503 4273 8799
57800 293628 -1
14841 24922 39066
22062 25050 26555
13335 42911 48108
101156 270858 288474
2058 5949 8799
105191 613208 80674
105608 23277 25639
55217 55341 73171
12489 13057 20131
4416 5708 8950
444373 447517 459049
85642 586171 -1
114342 205056 622614
5257 12984 70475
36502 51102 338177
122502 306671 481542
29035 56858 58648
28501 263814 421919
420270 -1 -1
164790 39335 618388
20131 21246 28951
287759 31300 48431
10666 -1 -1
59053 195705 197066
31811 236433 387291
38816 185902 -1
626145 25963 138457
64954 117550 174677
43774 47506 66446
129191 362235 3503
103493 185438 187648
13057 24183 41227
35773 69994 343154
48108 406075 241270
127265 524173 606619
503541 36218 67744
103706 198024 203931
584198 101401 114342
75370 125643 140293
72442 113428 174558
349057 383767 390940
623151 96503 182817
345057 53037 145387
300867 335611 419743
203337 240393 408687
25050 36502 51842
320519 141803 527546
19548 204560 273950
434926 12489 13057
192938 319055 582347
409536 563776 29475
78212 79429 97253
52472 113543 -1
29270 261538 70836
290876 599125 53903
603040 406341 463026
13449 42630 122878
64561 190243 190710
6086 13672 213811
69683 235801 303717
7478 12172 12489
100670 271500 311661
2697 -1 -1
9186 12525 617853
224027 225752 301338
132692 74428 143552
180772 561460 590367
31208 44735 132269
4691 5739 10705
15738 19969 27838
15738 19969 27838
68319 28911 58107
76929 577797 17570
70031 254605 304427
581745 -1 -1
154405 434758 460639
95259 154405 -1
23687 38816 54023
273950 355267 31099
160495 253716 58196
200503 388475 15006
168762 183965 203225
546976 564159 233682
43774 57068 453757
20131 10075 26453
14841 28911 32208
282839 63737 144559
129512 163047 207504
124589 591518 596883
35773 69994 343154
416243 18875 20009
558504 559424 15738
55022 100029 539046
288085 588667 1737
86918 276994 78303
215829 335259 494365
14218 83541 266283
230639 74779 92620
32265 65568 116012
36899 65416 75297
16177 91557 235764
55239 152325 521199
238735 383432 20604
420587 23798 31302
1627 25050 29035
147426 297719 2058
17570 24412 34481
17053 28911 29412
449 5498 129083
18747 22469 39769
95275 245487 375436
103894 146461 262403
308277 457634 536954
1629 12155 12489
-1 -1 -1
245096 29412 68537
24708 30856 55543
105268 312635 100408
401205 40538 54023
59538 348612 5419
16177 62294 78070
211220 47455 140721
103493 162425 18617
185438 187648 190243
53903 117227 138813
311661 603040 449
41388 228514 265882
43067 77593 95524
97253 190710 472724
75870 159031 305615
5235 268744 278456
13672 69163 230650
206374 26453 36636
2816 14736 14909
219655 412302 9593
59645 70401 162726
12685 104218 196567
17769 35445 51370
225766 92220 147764
64802 110961 195950
24219 40483 56325
10028 94614 166925
564750 -1 -1
12168 68537 75721
185902 -1 -1
92929 615565 20967
41461 248502 297721
102508 181831 383767
32863 36635 108864
13236 13965 68708
217578 425853 -1
69994 111868 164836
174761 136414 141507
67499 277713 314965
37133 137124 230069
303717 504516 511007
58107 86010 260619
3628 21546 39823
190790 468983 39769
261349 301187 512558
19635 65361 115177
12851 21546 26022
51102 523473 1629
5257 16366 17407
303446 10028 94614
35071 78734 110148
629542 48408 191059
143717 170932 186384
95285 186878 276389
307043 504232 75529
60209 69683 69888
370137 390421 1627
481553 2058 24432
4273 17407 248855
9186 10924 12174
18924 29412 45799
580590 -1 -1
496569 34399 66978
1629 22245 71027
81788 84422 365215
69492 249887 251956
20604 31888 44881
48602 60277 71027
41461 248502 297721
41637 59538 100218
277287 92557 221615
-1 -1 -1
133993 174364 184056
30856 -1 -1
36899 233037 306482
82040 117566 268413
41461 127004 248502
200934 486830 36026
228298 286199 596001
2707 2941 69071
114205 59951 158898
80711 121596 223717
43774 208290 211924
15950 21546 39823
2740 17053 21550
26555 39533 62993
51332 52688 75504
312373 64033 266742
27838 28951 36636
7759 8788 9337
14570 421202 477078
91570 297599 443548
205195 79880 174861
496492 14095 17583
136414 563339 2058
308277 99051 100105
458693 105044 132489
40375 59538 176119
84605 332032 515110
176202 108864 124615
215829 335259 494365
430893 455143 55921
62538 88630 207986
69071 172210 435249
9805 519849 41461
141507 200638 19437
15565 44401 75870
16177 64756 88675
446684 179978 213411
2707 4669 6492
421159 1629 9593
542191 562427 -1
19635 65361 115177
52472 127321 348758
181597 2058 21902
344098 62538 75051
268301 426556 37114
92038 597609 205874
246122 29126 49979
407339 18674 287089
459751 473194 534007
1629 12155 12489
16177 64756 88675
21902 72734 113366
165708 186646 281185
430233 498785 530573
349299 505722 40610
367709 27558 396686
28084 48357 69788
2740 48445 57068
69994 400525 432799
144895 497854 268330
535280 -1 -1
53903 117227 138813
64864 112553 127972
203337 430677 453734
342574 384542 484626
13674 17769 77885
123744 181108 196701
103493 162425 58193
112514 114054 209468
15565 26022 36814
15746 24708 271620
110800 143717 340401
161097 561844 87210
11096 60277 100500
218708 422641 17570
52274 64756 72378
128152 251904 31606
194030 627812 16177
5949 21889 24432
127188 391930 422974
132489 137711 141803
276854 415296 427430
10773 12851 15060
75492 -1 -1
31302 40117 51878
152231 568230 22941
131153 300665 -1
68598 144859 530603
41461 248502 297721
41674 55341 159266
55621 210372 260064
100130 390816 433350
170396 202252 218910
25574 92038 162574
27838 177910 317720
430233 449 1144
2058 5949 8799
207504 620536 112557
198249 1629 9593
23325 24288 29187
17116 54023 74811
27033 579583 1627
109168 301338 306724
165794 215889 324629
112875 199491 263893
11504 17053 19437
137921 25702 61031
147058 338207 472848
90307 91263 19171
235138 297303 448796
365594 2125 6413
300867 335611 419743
621308 69888 94640
75404 549868 53420
122825 149637 191059
486261 136133 210032
77593 188555 445754
276139 29035 29784
59538 62022 72988
4320 506773 510546
399203 -1 -1
98708 -1 -1
213291 288861 309348
353201 257327 400407
6599 7851 12685
523500 131632 287971
93356 410526 450496
626850 103493 162425
26248 153519 346262
505 2058 4273
15738 16177 21246
48767 306697 64182
55368 347924 30998
140293 202482 312634
14094 4320 43059
190710 -1 -1
4273 19171 22469
236855 268413 483886
204494 24922 76524
134197 198072 246031
98708 114653 125026
81626 170428 184056
16462 69683 235801
73384 320519 444669
68028 370134 402382
237128 327879 -1
23687 334632 29663
205056 281792 442472
22941 25031 29647
305615 -1 -1
285737 427253 61031
449 958 50563
102181 110148 141761
55921 95620 203337
41461 248502 297721
13674 29361 29475
21246 24708 28410
123393 240394 450868
12048 135409 395515
36409 81478 86525
326638 111355 177311
47619 200934 409186
237797 1629 12155
21546 40863 121371
21550 276175 345057
191540 12685 33877
388709 22124 43059
28951 55899 165635
295275 577139 -1
626850 36218 67744
508568 165621 166925
323698 325336 330656
5739 7020 12048
1179 27558 61189
151076 2740 11096
265076 515921 -1
80872 115311 241819
5257 12984 70475
239343 419743 490479
588742 105633 608363
416061 -1 -1
7478 20347 29784
435930 605034 41461
449 10705 11970
54971 71900 383203
9187 12824 13335
594252 -1 -1
182557 190148 218848
503734 451642 457784
280433 15006 20967
234205 239102 361248
522218 607 230763
18934 19548 29412
75051 288085 374491
61208 62803 31099
135551 323937 13548
404909 581745 50694
306514 326716 342051
59355 -1 -1
1144 273513 546976
15502 454420 487862
269733 449887 122295
100122 161421 190790
48357 55368 181979
1291 2941 10666
22469 42741 57254
192938 518288 604134
112734 -1 -1
480784 582722 36635
2819 409536 -1
179931 -1 -1
67015 134197 136518
120294 129697 214742
15738 19437 34055
52353 286388 305783
206738 497561 48622
286979 35470 520504
170396 202252 218910
2700 3115 7020
238888 318761 353115
28501 263814 421919
185540 523989 -1
227039 397929 440067
-1 -1 -1
8799 14413 15950
155951 391420 615772
15738 34230 36521
8903 349220 130876
22469 127321 194677
174558 525413 33834
162794 353616 19308
15164 135662 226036
141250 242496 401205
90063 105633 202441
958 100130 113428
405644 357171 358404
86525 114205 153235
52353 105268 279751
230109 306671 423017
144374 248006 601382
19437 22469 25031
219706 435483 327345
32265 39924 58973
561460 590367 64182
354396 958 100130
2058 5949 8799
97695 291347 320642
606842 194813 289528
14094 540745 575546
2700 51847 72378
153 9007 251011
87691 63737 255455
2740 25178 36636
75051 259649 561685
47619 200934 409186
76007 395795 4669
18875 20009 21714
19548 21902 26453
530943 428775 469518
97695 189037 402272
95808 125690 144842
512686 484626 94366
196304 468983 55297
413510 124589 282325
128339 63661 164739
261010 389341 438595
76988 137247 404874
78070 194378 363198
206454 519849 15738
63000 48304 84241
104481 176011 196701
55217 343082 36888
139763 140029 164836
41731 201139 272641
146268 51842 121763
434020 535691 12824
239540 -1 -1
5508 355108 29126
2733 102181 136414
497116 15665 28197
105358 228514 241459
12751 29663 36661
23798 41011 47506
68319 166549 374286
130731 578691 109659
273489 415296 427430
14841 24922 39066
32025 34758 66386
97695 189037 402272
19308 39533 257327
136133 210032 454621
72128 137711 404880
449541 570072 253239
78212 79429 97253
18875 23156 36218
3823 30301 32629
95678 415770 529407
13672 76498 446039
16177 62294 78070
24708 29784 54375
449 1144 6224
2941 4669 7020
3823 139327 245114
106936 122865 82159
150217 151139 155762
21411 223137 453734
23798 41011 47506
28084 48357 69788
239540 581228 -1
577311 271867 509762
110052 239343 10773
168595 191785 571176
104481 21044 30935
144374 318886 327938
199555 221615 520650
33834 70448 118822
50231 147088 470834
4691 5739 10705
62538 75051 75641
18617 607219 15746
5419 34115 103084
205195 2941 399032
28464 264837 343042
317958 340668 150532
17116 54023 74811
462908 15738 34230
15765 27810 37722
276256 627403 -1
176411 420411 83599
16177 64756 88675
202549 10263 16177
257327 575422 76988
9187 48304 65560
-1 -1 -1
1291 28075 55138
185438 189362 427892
110287 266339 347624
10263 10773 13449
24183 64033 69788
14094 94544 146550
151669 446039 467961
325965 100130 390816
77351 151640 249267
9186 10924 12174
301017 429198 550293
95808 125690 144842
48181 156945 165704
29122 54263 97211
304772 92849 94179
223269 505926 523979
36635 174747 199069
542883 3503 4691
24448 497912 549868
173534 125462 309926
59081 84113 41637
13236 -1 -1
61827 34481 38902
125622 434758 503499
434134 42911 98539
342307 46418 64182
91910 228191 263739
49799 76007 440407
495940 9187 57314
184673 411127 571090
64182 170039 239102
263695 6413 9007
123025 52787 64802
619487 6407 343702
201139 366865 379688
68503 276389 281339
238802 110052 128280
353670 12654 18437
6413 8707 13817
59053 195705 197066
21902 72734 105191
501891 36899 72345
6129 282716 114550
436190 10705 30145
148805 1629 12155
74613 20535 55217
84173 176119 424459
70031 254605 304427
10924 36661 48106
190 6633 30935
31811 349220 383432
5235 10028 13335
212701 5459 16177
29475 132441 193704
219000 221535 62538
15164 135662 226036
51847 376842 29663
119451 139607 147308
286198 601695 19171
37114 -1 -1
198072 442238 55576
439374 48106 70091
40538 54023 76814
408586 4320 43059
2707 2941 69071
455259 167321 279994
12155 72734 93940
12489 14841 65127
21546 28464 34536
35071 78734 110148
4273 39769 74292
28464 34536 36026
36899 65416 75297
103283 167743 335123
2941 4669 7020
537202 36502 51102
251920 618137 10028
6129 220598 427716
28842 602642 113371
117043 34230 109886
2707 4669 6492
55022 186318 190710
125643 144121 326716
2740 2819 9805
616709 137579 29647
41388 118968 145494
314965 -1 -1
83561 121763 156302
586171 24708 30856
423350 27838 28951
18934 19548 29412
38907 64864 435237
124291 206504 302641
32265 65568 116012
433350 59743 159494
187410 23798 31302
9805 92557 173658
29122 54263 97211
346828 527348 958
30903 78303 100064
198024 421415 60209
29475 33877 40735
22469 127321 194677
206374 75504 324121
371285 603527 -1
384397 525097 529545
25050 52876 60304
628693 57800 128646
561460 590367 395249
27558 201051 76943
249887 -1 -1
5235 15765 41227
-1 -1 -1
76943 122878 163139
13965 57886 78278
72443 72757 146877
