5459
59538
165704
68537
623089
-1
381485
78303
367544
588742
330403
57886
88630
95008
32265
9007
32407
266190
3115
55430
204249
6113
41461
21546
108870
83958
36899
2058
40610
67499
26555
209783
27838
3628
-1
18924
393077
174861
12766
5459
501891
396101
328415
65464
23588
12824
91910
200284
32265
412482
262345
342307
488901
11534
225766
121576
24708
65464
19548
272581
2505
84605
518480
150217
203096
8903
35071
26555
153478
136133
337288
425427
37607
34481
2707
18674
27133
23325
2058
315570
416242
102953
19437
107219
2707
1629
627759
122293
2707
60304
286507
25574
41011
15738
36502
43664
615976
48304
68028
82371
39533
115678
202549
118817
20131
573022
367779
1629
18924
-1
118239
218068
31691
103493
486261
204494
615448
48767
620156
432799
9007
18461
2941
18437
57256
6599
36835
75721
393077
22593
505948
240132
153462
1179
164625
30998
132942
1629
12172
64954
59743
4691
21246
18674
252640
449
234205
22124
43220
18617
312635
482579
58196
2816
617713
29270
371502
3503
607702
79769
21976
12824
65517
12168
13674
14909
58107
46037
199069
31811
47455
546518
58448
1291
122348
39769
71811
197718
252583
92557
62538
29663
404781
505
55899
385129
273140
84113
243200
154521
25069
279917
320683
240132
421202
127004
6633
29361
148805
70401
273052
189090
18461
428208
599125
187648
198121
222690
55368
566240
33833
449
233615
331360
48181
55022
281771
41649
10924
219037
112557
278594
264837
105608
183965
202441
94366
95106
12168
20604
180772
19171
191155
4691
1291
385939
43220
155762
220208
11970
163659
18461
86653
108127
207984
25963
373703
236429
28464
554703
150217
561460
168937
89144
31606
52274
20527
560119
48767
151139
43774
64976
412185
56328
196792
626975
102683
167014
430233
490458
349057
4273
92690
52876
567199
24922
40224
12489
41461
41388
5708
453757
25574
114550
148398
505
487052
221373
10261
537091
20009
37133
625266
22975
207984
22593
8903
159031
115264
198043
600922
1179
155575
1629
91910
276994
50609
456653
2505
439775
3503
48108
206738
3503
38907
3628
307160
361856
21304
118635
144374
521320
70414
95524
1629
368249
395196
137579
69492
176119
22245
64232
308272
304003
5949
256102
59699
6413
145494
288474
298244
165794
-1
418533
95275
118817
118635
72443
68763
447849
22941
603169
1205
36409
407339
2058
8540
24183
428775
165635
3503
57800
14841
22062
13335
101156
2058
105191
105608
55217
12489
4416
444373
85642
114342
5257
36502
122502
29035
28501
420270
164790
20131
287759
10666
59053
31811
38816
626145
64954
43774
129191
103493
13057
35773
48108
127265
503541
103706
584198
75370
72442
349057
623151
345057
300867
203337
25050
320519
19548
434926
192938
409536
78212
52472
29270
290876
603040
13449
64561
6086
69683
7478
100670
2697
9186
224027
132692
180772
31208
4691
15738
15738
68319
76929
70031
581745
154405
95259
23687
273950
160495
200503
168762
546976
43774
20131
14841
282839
129512
124589
35773
416243
558504
55022
288085
86918
215829
14218
230639
32265
36899
16177
55239
238735
420587
1627
147426
17570
17053
449
18747
95275
103894
308277
1629
-1
245096
24708
105268
401205
59538
16177
211220
103493
185438
53903
311661
41388
43067
97253
75870
5235
13672
206374
2816
219655
59645
12685
17769
225766
64802
24219
10028
564750
12168
185902
92929
41461
102508
32863
13236
217578
69994
174761
67499
37133
303717
58107
3628
190790
261349
19635
12851
51102
5257
303446
35071
629542
143717
95285
307043
60209
370137
481553
4273
9186
18924
580590
496569
1629
81788
69492
20604
48602
41461
41637
277287
-1
133993
30856
36899
82040
41461
200934
228298
2707
114205
80711
43774
15950
2740
26555
51332
312373
27838
7759
14570
91570
205195
496492
136414
308277
458693
40375
84605
176202
215829
430893
62538
69071
9805
141507
15565
16177
446684
2707
421159
542191
19635
52472
181597
344098
268301
92038
246122
407339
459751
1629
16177
21902
165708
430233
349299
367709
28084
2740
69994
144895
535280
53903
64864
203337
342574
13674
123744
103493
112514
15565
15746
110800
161097
11096
218708
52274
128152
194030
5949
127188
132489
276854
10773
75492
31302
152231
131153
68598
41461
41674
55621
100130
170396
25574
27838
430233
2058
207504
198249
23325
17116
27033
109168
165794
112875
11504
137921
147058
90307
235138
365594
300867
621308
75404
122825
486261
77593
276139
59538
4320
399203
98708
213291
353201
6599
523500
93356
626850
26248
505
15738
48767
55368
140293
14094
190710
4273
236855
204494
134197
98708
81626
16462
73384
68028
237128
23687
205056
22941
305615
285737
449
102181
55921
41461
13674
21246
123393
12048
36409
326638
47619
237797
21546
21550
191540
388709
28951
295275
626850
508568
323698
5739
1179
151076
265076
80872
5257
239343
588742
416061
7478
435930
449
54971
9187
594252
182557
503734
280433
234205
522218
18934
75051
61208
135551
404909
306514
59355
1144
15502
269733
100122
48357
1291
22469
192938
112734
480784
2819
179931
67015
120294
15738
52353
206738
286979
170396
2700
238888
28501
185540
227039
-1
8799
155951
15738
8903
22469
174558
162794
15164
141250
90063
958
405644
86525
52353
230109
144374
19437
219706
32265
561460
354396
2058
97695
606842
14094
2700
153
87691
2740
75051
47619
76007
18875
19548
530943
97695
95808
512686
196304
413510
128339
261010
76988
78070
206454
63000
104481
55217
139763
41731
146268
434020
239540
5508
2733
497116
105358
12751
23798
68319
130731
273489
14841
32025
97695
19308
136133
72128
449541
78212
18875
3823
95678
13672
16177
24708
449
2941
3823
106936
150217
21411
23798
28084
239540
577311
110052
168595
104481
144374
199555
33834
50231
4691
62538
18617
5419
205195
28464
317958
17116
462908
15765
276256
176411
16177
202549
257327
9187
-1
1291
185438
110287
10263
24183
14094
151669
325965
77351
9186
301017
95808
48181
29122
304772
223269
36635
542883
24448
173534
59081
13236
61827
125622
434134
342307
91910
49799
495940
184673
64182
263695
123025
619487
201139
68503
238802
353670
6413
59053
21902
501891
6129
436190
148805
74613
84173
70031
10924
190
31811
5235
212701
29475
219000
15164
51847
119451
286198
37114
198072
439374
40538
408586
2707
455259
12155
12489
21546
35071
4273
28464
36899
103283
2941
537202
251920
6129
28842
117043
2707
55022
125643
2740
616709
41388
314965
83561
586171
423350
18934
38907
124291
32265
433350
187410
9805
29122
346828
30903
198024
29475
22469
206374
371285
384397
25050
628693
561460
27558
249887
5235
-1
76943
13965
72443
