(0,158)
(1,157)
(2,156)
(3,155)
(4,154)
(5,153)
(6,152)
(7,151)
(8,150)
(9,149)
(10,148)
(11,147)
(12,146)
(13,145)
(14,144)
(15,143)
(16,142)
(17,141)
(18,140)
(19,139)
(20,138)
(21,137)
(22,136)
(23,135)
(24,134)
(25,133)
(26,132)
(27,131)
(28,130)
(29,129)
(30,128)
(31,127)
(32,126)
(33,125)
(34,124)
(35,123)
(36,122)
(37,121)
(38,120)
(39,119)
(40,118)
(41,117)
(42,116)
(43,115)
(44,114)
(45,113)
(46,112)
(47,111)
(48,110)
(49,109)
(50,108)
(51,107)
(52,106)
(53,105)
(54,104)
(55,103)
(56,102)
(57,101)
(58,100)
(59,99)
(60,98)
(61,97)
(62,96)
(63,95)
(64,94)
(65,93)
(66,92)
(67,91)
(68,90)
(69,89)
(70,88)
(71,87)
(72,86)
(73,85)
(74,84)
(75,83)
(76,82)
(77,81)
(78,80)
(79,79)
(80,78)
(81,77)
(82,76)
(83,75)
(84,74)
(85,73)
(86,72)
(87,71)
(88,70)
(89,69)
(90,68)
(91,67)
(92,66)
(93,65)
(94,64)
(95,63)
(96,62)
(97,61)
(98,60)
(99,59)
(100,58)
(101,57)
(102,56)
(103,55)
(104,54)
(105,53)
(106,52)
(107,51)
(108,50)
(109,49)
(110,48)
(111,47)
(112,46)
(113,45)
(114,44)
(115,43)
(116,42)
(117,41)
(118,40)
(119,39)
(120,38)
(121,37)
(122,36)
(123,35)
(124,34)
(125,33)
(126,32)
(127,31)
(128,30)
(129,29)
(130,28)
(131,27)
(132,26)
(133,25)
(134,24)
(135,23)
(136,22)
(137,21)
(138,20)
(139,19)
(140,18)
(141,17)
(142,16)
(143,15)
(144,14)
(145,13)
(146,12)
(147,11)
(148,10)
(149,9)
(150,8)
(151,7)
(152,6)
(153,5)
(154,4)
(155,3)
(156,2)
(157,1)
(158,0)
6241
