10000,0,2
10095,1,1
10097,1,1
10188,0,3
10196,5,0
10222,4,2
10310,3,1
10370,3,2
10466,2,1
10474,1,6
10493,1,3
10588,7,2
10650,1,1
10716,1,2
10750,2,6
10850,4,4
10858,1,1
10888,1,1
10901,2,7
10951,0,1
10995,0,1
11086,1,1
11104,1,0
11189,4,2
11207,0,3
11214,0,2
11257,3,7
11266,2,5
11281,2,2
11327,0,0
11377,0,1
11438,0,5
11507,0,6
11570,0,0
11594,0,2
11606,2,6
11635,1,4
11682,1,2
11736,1,5
11827,3,1
11869,2,0
11924,2,4
11927,0,5
11950,2,1
12048,4,2
12053,4,1
12116,3,3
12167,0,2
12198,2,0
12207,1,0
12271,4,1
12330,4,2
12380,3,1
12450,2,2
12454,1,2
12492,1,2
12545,2,2
12643,4,3
12713,2,0
12715,2,2
12727,2,1
12782,3,4
12871,2,4
12920,2,0
12962,3,6
13052,0,3
13089,0,0
13188,3,3
13216,1,2
13286,1,4
13350,2,2
13366,2,1
13405,3,3
13430,3,3
13524,2,1
13560,1,4
13607,2,1
13664,3,5
13689,3,0
13782,1,3
13787,2,2
13810,1,7
13855,2,3
13928,5,3
13997,2,1
14097,0,0
14133,2,3
14174,1,2
14266,1,1
14289,2,4
14362,1,0
14410,1,4
14432,0,3
14445,2,4
14504,2,0
14514,0,2
14614,2,0
14624,2,1
14686,2,3
14692,1,3
